cx: 312.57978718696415
cy: 252.70402114560207
fx: 545.251439149769
fy: 544.9293949344901
