cx: 313.7803476038134
cy: 251.45649686401666
fx: 546.792342801792
fy: 546.8696449648631
